Pjoint=[1,11;1,12;1,13;1,17;1,18;1,19;1,23;1,24;1,25];
