Gamma=[1,2,3,4,5,6,11,8,9,10,7,12,13,14,17,16,15,18,19,19,20,20,21,21,22,22, ...
  10,14;2,2,11,8,9,10,11,8,9,10,23,32,33,34,28,19,27,20,19,19,20,20,37,37, ...
  38,38,10,34;3,7,3,12,13,14,31,24,25,26,7,12,13,14,36,21,35,22,29,29,30, ...
  30,21,21,22,22,26,14;4,8,12,4,17,16,32,8,28,19,24,12,36,21,17,16,39,44, ...
  19,19,45,45,21,21,46,46,19,21;5,9,13,15,5,18,33,27,9,20,25,35,13,22,43, ...
  40,15,18,41,41,20,20,42,42,22,22,20,22;6,10,14,16,18,6,34,19,20,10,26, ...
  21,22,14,44,16,40,18,19,19,20,20,21,21,22,22,10,14;7,7,31,24,25,26,31, ...
  24,25,26,64,48,49,50,60,29,56,30,29,29,30,30,53,53,54,54,26,50;8,8,32,8, ...
  28,19,32,8,28,19,55,32,52,37,28,19,57,45,19,19,45,45,37,37,70,70,19,37; ...
  9,9,33,27,9,20,33,27,9,20,59,51,33,38,61,41,27,20,41,41,20,20,68,68,38, ...
  38,20,38;10,10,34,19,20,10,34,19,20,10,63,37,38,34,45,19,41,20,19,19,20, ...
  20,37,37,38,38,10,34;11,23,11,32,33,34,47,55,59,63,23,32,33,34,52,37,51, ...
  38,65,65,66,66,37,37,38,38,63,34;12,24,12,12,36,21,48,24,60,29,24,12,36, ...
  21,36,21,67,46,29,29,62,62,21,21,46,46,29,21;13,25,13,35,13,22,49,56,25, ...
  30,25,35,13,22,69,42,35,22,58,58,30,30,42,42,22,22,30,22;14,26,14,21,22, ...
  14,50,29,30,26,26,21,22,14,46,21,42,22,29,29,30,30,21,21,22,22,26,14;15, ...
  27,35,15,43,40,51,27,61,41,56,35,69,42,43,40,76,72,41,41,73,73,42,42,74, ...
  74,41,42;16,19,21,16,44,16,37,19,45,19,29,21,46,21,44,16,75,44,19,19,45, ...
  45,21,21,46,46,19,21;17,28,36,39,17,44,52,57,28,45,60,67,36,46,71,75,39, ...
  44,77,77,45,45,78,78,46,46,45,46;18,20,22,40,18,18,38,41,20,20,30,42,22, ...
  22,72,40,40,18,41,41,20,20,42,42,22,22,20,22;19,19,37,19,45,19,37,19,45, ...
  19,65,37,70,37,45,19,77,45,19,19,45,45,37,37,70,70,19,37;19,19,37,19,45, ...
  19,37,19,45,19,65,37,70,37,45,19,77,45,19,19,45,45,37,37,70,70,19,37;20, ...
  20,38,41,20,20,38,41,20,20,66,68,38,38,73,41,41,20,41,41,20,20,68,68,38, ...
  38,20,38;20,20,38,41,20,20,38,41,20,20,66,68,38,38,73,41,41,20,41,41,20, ...
  20,68,68,38,38,20,38;21,29,21,21,46,21,53,29,62,29,29,21,46,21,46,21,78, ...
  46,29,29,62,62,21,21,46,46,29,21;21,29,21,21,46,21,53,29,62,29,29,21,46, ...
  21,46,21,78,46,29,29,62,62,21,21,46,46,29,21;22,30,22,42,22,22,54,58,30, ...
  30,30,42,22,22,74,42,42,22,58,58,30,30,42,42,22,22,30,22;22,30,22,42,22, ...
  22,54,58,30,30,30,42,22,22,74,42,42,22,58,58,30,30,42,42,22,22,30,22;10, ...
  10,34,19,20,10,34,19,20,10,63,37,38,34,45,19,41,20,19,19,20,20,37,37,38, ...
  38,10,34;14,26,14,21,22,14,50,29,30,26,26,21,22,14,46,21,42,22,29,29,30, ...
  30,21,21,22,22,26,14];
