Gamma=[1,2,3,4,5,6,7,8,9,10,11,28,36,14,15,16,17,18,19,29,37,22,23,24,25,26, ...
  27,12,20,30,31,32,33,34,35,13,21,38,39,40,41,42,43,52,56,46,47,53,57,50, ...
  51,44,48,54,55,45,49,58,59,60,61,60,61,62,63,62,63,64,65,64,65,66,67,66, ...
  67,68,69,68,69,70,71,70,71,72,73,72,73,74,75,74,75,76,77,76,77,78,79,78, ...
  79,80,81,80,81,82,83,82,83,84,85,84,85,86,87,86,87,88,89,88,89,90,91,90, ...
  91,18,92,92,19,26,92,92,27,34,92,92,35,42,92,92,43;2,2,92,28,36,14,15, ...
  16,17,18,19,28,36,14,15,16,17,18,19,92,92,92,92,92,92,92,92,93,133,175, ...
  176,177,178,179,180,101,141,215,216,217,218,219,220,113,115,60,61,114, ...
  116,62,63,109,111,64,65,110,112,66,67,60,61,60,61,62,63,62,63,64,65,64, ...
  65,66,67,66,67,92,92,92,92,92,92,92,92,92,92,92,92,92,92,92,92,197,198, ...
  197,198,199,200,199,200,201,202,201,202,203,204,203,204,237,238,237,238, ...
  239,240,239,240,241,242,241,242,243,244,243,244,18,92,92,19,92,92,92,92, ...
  179,92,92,180,219,92,92,220;3,92,3,29,37,22,23,24,25,26,27,92,92,92,92, ...
  92,92,92,92,29,37,22,23,24,25,26,27,94,134,183,184,185,186,187,188,102, ...
  142,223,224,225,226,227,228,153,155,68,69,154,156,70,71,149,151,72,73, ...
  150,152,74,75,92,92,92,92,92,92,92,92,92,92,92,92,92,92,92,92,68,69,68, ...
  69,70,71,70,71,72,73,72,73,74,75,74,75,205,206,205,206,207,208,207,208, ...
  209,210,209,210,211,212,211,212,245,246,245,246,247,248,247,248,249,250, ...
  249,250,251,252,251,252,92,92,92,92,26,92,92,27,187,92,92,188,227,92,92, ...
  228;4,12,20,4,92,30,31,32,33,34,35,173,213,95,96,97,98,99,100,181,221, ...
  135,136,137,138,139,140,12,20,30,31,32,33,34,35,92,92,92,92,92,92,92,92, ...
  193,195,76,77,194,196,78,79,189,191,80,81,190,192,82,83,117,118,117,118, ...
  119,120,119,120,121,122,121,122,123,124,123,124,157,158,157,158,159,160, ...
  159,160,161,162,161,162,163,164,163,164,76,77,76,77,78,79,78,79,80,81, ...
  80,81,82,83,82,83,92,92,92,92,92,92,92,92,92,92,92,92,92,92,92,92,99,92, ...
  92,100,139,92,92,140,34,92,92,35,92,92,92,92;5,13,21,92,5,38,39,40,41, ...
  42,43,174,214,103,104,105,106,107,108,182,222,143,144,145,146,147,148, ...
  92,92,92,92,92,92,92,92,13,21,38,39,40,41,42,43,233,235,84,85,234,236, ...
  86,87,229,231,88,89,230,232,90,91,125,126,125,126,127,128,127,128,129, ...
  130,129,130,131,132,131,132,165,166,165,166,167,168,167,168,169,170,169, ...
  170,171,172,171,172,92,92,92,92,92,92,92,92,92,92,92,92,92,92,92,92,84, ...
  85,84,85,86,87,86,87,88,89,88,89,90,91,90,91,107,92,92,108,147,92,92, ...
  148,92,92,92,92,42,92,92,43;6,14,22,30,38,6,92,52,56,46,47,175,215,14, ...
  92,113,115,60,61,183,223,22,92,153,155,68,69,95,135,30,92,193,195,76,77, ...
  103,143,38,92,233,235,84,85,52,56,46,47,92,92,92,92,253,277,303,304,257, ...
  281,327,328,60,61,60,61,92,92,92,92,309,310,309,310,333,334,333,334,68, ...
  69,68,69,92,92,92,92,313,314,313,314,337,338,337,338,76,77,76,77,92,92, ...
  92,92,317,318,317,318,341,342,341,342,84,85,84,85,92,92,92,92,321,322, ...
  321,322,345,346,345,346,60,92,92,61,68,92,92,69,76,92,92,77,84,92,92,85; ...
  7,15,23,31,39,92,7,53,57,50,51,176,216,92,15,114,116,62,63,184,224,92, ...
  23,154,156,70,71,96,136,92,31,194,196,78,79,104,144,92,39,234,236,86,87, ...
  92,92,92,92,53,57,50,51,254,278,307,308,258,282,331,332,92,92,92,92,62, ...
  63,62,63,311,312,311,312,335,336,335,336,92,92,92,92,70,71,70,71,315, ...
  316,315,316,339,340,339,340,92,92,92,92,78,79,78,79,319,320,319,320,343, ...
  344,343,344,92,92,92,92,86,87,86,87,323,324,323,324,347,348,347,348,62, ...
  92,92,63,70,92,92,71,78,92,92,79,86,92,92,87;8,16,24,32,40,44,48,8,92, ...
  54,55,177,217,109,111,16,92,64,65,185,225,149,151,24,92,72,73,97,137, ...
  189,191,32,92,80,81,105,145,229,231,40,92,88,89,301,325,255,256,305,329, ...
  279,280,44,48,54,55,92,92,92,92,261,262,261,262,285,286,285,286,64,65, ...
  64,65,92,92,92,92,265,266,265,266,289,290,289,290,72,73,72,73,92,92,92, ...
  92,269,270,269,270,293,294,293,294,80,81,80,81,92,92,92,92,273,274,273, ...
  274,297,298,297,298,88,89,88,89,92,92,92,92,64,92,92,65,72,92,92,73,80, ...
  92,92,81,88,92,92,89;9,17,25,33,41,45,49,92,9,58,59,178,218,110,112,92, ...
  17,66,67,186,226,150,152,92,25,74,75,98,138,190,192,92,33,82,83,106,146, ...
  230,232,92,41,90,91,302,326,259,260,306,330,283,284,92,92,92,92,45,49, ...
  58,59,263,264,263,264,287,288,287,288,92,92,92,92,66,67,66,67,267,268, ...
  267,268,291,292,291,292,92,92,92,92,74,75,74,75,271,272,271,272,295,296, ...
  295,296,92,92,92,92,82,83,82,83,275,276,275,276,299,300,299,300,92,92, ...
  92,92,90,91,90,91,66,92,92,67,74,92,92,75,82,92,92,83,90,92,92,91;10,18, ...
  26,34,42,46,50,54,58,10,92,179,219,60,62,64,66,18,92,187,227,68,70,72, ...
  74,26,92,99,139,76,78,80,82,34,92,107,147,84,86,88,90,42,92,303,327,46, ...
  92,307,331,50,92,255,279,54,92,259,283,58,92,60,92,60,92,62,92,62,92,64, ...
  92,64,92,66,92,66,92,68,92,68,92,70,92,70,92,72,92,72,92,74,92,74,92,76, ...
  92,76,92,78,92,78,92,80,92,80,92,82,92,82,92,84,92,84,92,86,92,86,92,88, ...
  92,88,92,90,92,90,92,18,92,92,92,26,92,92,92,34,92,92,92,42,92,92,92;11, ...
  19,27,35,43,47,51,55,59,92,11,180,220,61,63,65,67,92,19,188,228,69,71, ...
  73,75,92,27,100,140,77,79,81,83,92,35,108,148,85,87,89,91,92,43,304,328, ...
  92,47,308,332,92,51,256,280,92,55,260,284,92,59,92,61,92,61,92,63,92,63, ...
  92,65,92,65,92,67,92,67,92,69,92,69,92,71,92,71,92,73,92,73,92,75,92,75, ...
  92,77,92,77,92,79,92,79,92,81,92,81,92,83,92,83,92,85,92,85,92,87,92,87, ...
  92,89,92,89,92,91,92,91,92,92,92,19,92,92,92,27,92,92,92,35,92,92,92,43; ...
  12,12,92,173,213,95,96,97,98,99,100,173,213,95,96,97,98,99,100,92,92,92, ...
  92,92,92,92,92,685,705,351,352,353,354,355,356,773,793,391,392,393,394, ...
  395,396,471,491,117,118,472,492,119,120,431,451,121,122,432,452,123,124, ...
  117,118,117,118,119,120,119,120,121,122,121,122,123,124,123,124,92,92, ...
  92,92,92,92,92,92,92,92,92,92,92,92,92,92,373,374,373,374,375,376,375, ...
  376,377,378,377,378,379,380,379,380,413,414,413,414,415,416,415,416,417, ...
  418,417,418,419,420,419,420,99,92,92,100,92,92,92,92,355,92,92,356,395, ...
  92,92,396;13,13,92,174,214,103,104,105,106,107,108,174,214,103,104,105, ...
  106,107,108,92,92,92,92,92,92,92,92,686,706,359,360,361,362,363,364,774, ...
  794,399,400,401,402,403,404,475,495,125,126,476,496,127,128,435,455,129, ...
  130,436,456,131,132,125,126,125,126,127,128,127,128,129,130,129,130,131, ...
  132,131,132,92,92,92,92,92,92,92,92,92,92,92,92,92,92,92,92,381,382,381, ...
  382,383,384,383,384,385,386,385,386,387,388,387,388,421,422,421,422,423, ...
  424,423,424,425,426,425,426,427,428,427,428,107,92,92,108,92,92,92,92, ...
  363,92,92,364,403,92,92,404;14,14,92,175,215,14,92,113,115,60,61,175, ...
  215,14,92,113,115,60,61,92,92,92,92,92,92,92,92,429,597,175,92,369,371, ...
  197,198,433,601,215,92,409,411,237,238,113,115,60,61,92,92,92,92,437, ...
  457,309,310,439,459,333,334,60,61,60,61,92,92,92,92,309,310,309,310,333, ...
  334,333,334,92,92,92,92,92,92,92,92,92,92,92,92,92,92,92,92,197,198,197, ...
  198,92,92,92,92,753,754,753,754,765,766,765,766,237,238,237,238,92,92, ...
  92,92,841,842,841,842,853,854,853,854,60,92,92,61,92,92,92,92,197,92,92, ...
  198,237,92,92,238;15,15,92,176,216,92,15,114,116,62,63,176,216,92,15, ...
  114,116,62,63,92,92,92,92,92,92,92,92,449,617,92,176,370,372,199,200, ...
  453,621,92,216,410,412,239,240,92,92,92,92,114,116,62,63,438,458,311, ...
  312,440,460,335,336,92,92,92,92,62,63,62,63,311,312,311,312,335,336,335, ...
  336,92,92,92,92,92,92,92,92,92,92,92,92,92,92,92,92,92,92,92,92,199,200, ...
  199,200,755,756,755,756,767,768,767,768,92,92,92,92,239,240,239,240,843, ...
  844,843,844,855,856,855,856,62,92,92,63,92,92,92,92,199,92,92,200,239, ...
  92,92,240;16,16,92,177,217,109,111,16,92,64,65,177,217,109,111,16,92,64, ...
  65,92,92,92,92,92,92,92,92,469,637,365,367,177,92,201,202,473,641,405, ...
  407,217,92,241,242,477,497,261,262,479,499,285,286,109,111,64,65,92,92, ...
