ObjJoint=[1,18;1,26;1,19;1,27];
