ObjNegative=[1,2;1,10;1,3;1,11];
