Zerosloc=[1,125;1,126;1,129;1,130;1,133;1,134;1,137;1,138;2,3;2,20;2,21;2,22;2, ...
  23;2,24;2,25;2,26;2,27;2,76;2,77;2,78;2,79;2,80;2,81;2,82;2,83;2,84;2, ...
  85;2,86;2,87;2,88;2,89;2,90;2,91;2,125;2,126;2,128;2,129;2,130;2,131;2, ...
  133;2,134;2,137;2,138;3,2;3,12;3,13;3,14;3,15;3,16;3,17;3,18;3,19;3,60; ...
  3,61;3,62;3,63;3,64;3,65;3,66;3,67;3,68;3,69;3,70;3,71;3,72;3,73;3,74;3, ...
  75;3,124;3,125;3,126;3,127;3,129;3,130;3,133;3,134;3,137;3,138;4,5;4,36; ...
  4,37;4,38;4,39;4,40;4,41;4,42;4,43;4,108;4,109;4,110;4,111;4,112;4,113; ...
  4,114;4,115;4,116;4,117;4,118;4,119;4,120;4,121;4,122;4,123;4,125;4,126; ...
  4,129;4,130;4,133;4,134;4,136;4,137;4,138;4,139;5,4;5,28;5,29;5,30;5,31; ...
  5,32;5,33;5,34;5,35;5,92;5,93;5,94;5,95;5,96;5,97;5,98;5,99;5,100;5,101; ...
  5,102;5,103;5,104;5,105;5,106;5,107;5,125;5,126;5,129;5,130;5,132;5,133; ...
  5,134;5,135;5,137;5,138;6,7;6,15;6,23;6,31;6,39;6,48;6,49;6,50;6,51;6, ...
  64;6,65;6,66;6,67;6,80;6,81;6,82;6,83;6,96;6,97;6,98;6,99;6,112;6,113;6, ...
  114;6,115;6,125;6,126;6,129;6,130;6,133;6,134;6,137;6,138;7,6;7,14;7,22; ...
  7,30;7,38;7,44;7,45;7,46;7,47;7,60;7,61;7,62;7,63;7,76;7,77;7,78;7,79;7, ...
  92;7,93;7,94;7,95;7,108;7,109;7,110;7,111;7,125;7,126;7,129;7,130;7,133; ...
  7,134;7,137;7,138;8,9;8,17;8,25;8,33;8,41;8,56;8,57;8,58;8,59;8,72;8,73; ...
  8,74;8,75;8,88;8,89;8,90;8,91;8,104;8,105;8,106;8,107;8,120;8,121;8,122; ...
  8,123;8,125;8,126;8,129;8,130;8,133;8,134;8,137;8,138;9,8;9,16;9,24;9, ...
  32;9,40;9,52;9,53;9,54;9,55;9,68;9,69;9,70;9,71;9,84;9,85;9,86;9,87;9, ...
  100;9,101;9,102;9,103;9,116;9,117;9,118;9,119;9,125;9,126;9,129;9,130;9, ...
  133;9,134;9,137;9,138;10,11;10,19;10,27;10,35;10,43;10,47;10,51;10,55; ...
  10,59;10,61;10,63;10,65;10,67;10,69;10,71;10,73;10,75;10,77;10,79;10,81; ...
  10,83;10,85;10,87;10,89;10,91;10,93;10,95;10,97;10,99;10,101;10,103;10, ...
  105;10,107;10,109;10,111;10,113;10,115;10,117;10,119;10,121;10,123;10, ...
  125;10,126;10,127;10,129;10,130;10,131;10,133;10,134;10,135;10,137;10, ...
  138;10,139;11,10;11,18;11,26;11,34;11,42;11,46;11,50;11,54;11,58;11,60; ...
  11,62;11,64;11,66;11,68;11,70;11,72;11,74;11,76;11,78;11,80;11,82;11,84; ...
  11,86;11,88;11,90;11,92;11,94;11,96;11,98;11,100;11,102;11,104;11,106; ...
  11,108;11,110;11,112;11,114;11,116;11,118;11,120;11,122;11,124;11,125; ...
  11,126;11,128;11,129;11,130;11,132;11,133;11,134;11,136;11,137;11,138; ...
  12,3;12,20;12,21;12,22;12,23;12,24;12,25;12,26;12,27;12,76;12,77;12,78; ...
  12,79;12,80;12,81;12,82;12,83;12,84;12,85;12,86;12,87;12,88;12,89;12,90; ...
  12,91;12,125;12,126;12,128;12,129;12,130;12,131;12,133;12,134;12,137;12, ...
  138;13,3;13,20;13,21;13,22;13,23;13,24;13,25;13,26;13,27;13,76;13,77;13, ...
  78;13,79;13,80;13,81;13,82;13,83;13,84;13,85;13,86;13,87;13,88;13,89;13, ...
  90;13,91;13,125;13,126;13,128;13,129;13,130;13,131;13,133;13,134;13,137; ...
  13,138;14,3;14,7;14,15;14,20;14,21;14,22;14,23;14,24;14,25;14,26;14,27; ...
  14,31;14,39;14,48;14,49;14,50;14,51;14,64;14,65;14,66;14,67;14,76;14,77; ...
  14,78;14,79;14,80;14,81;14,82;14,83;14,84;14,85;14,86;14,87;14,88;14,89; ...
  14,90;14,91;14,96;14,97;14,98;14,99;14,112;14,113;14,114;14,115;14,125; ...
  14,126;14,128;14,129;14,130;14,131;14,133;14,134;14,137;14,138;15,3;15, ...
  6;15,14;15,20;15,21;15,22;15,23;15,24;15,25;15,26;15,27;15,30;15,38;15, ...
  44;15,45;15,46;15,47;15,60;15,61;15,62;15,63;15,76;15,77;15,78;15,79;15, ...
  80;15,81;15,82;15,83;15,84;15,85;15,86;15,87;15,88;15,89;15,90;15,91;15, ...
  92;15,93;15,94;15,95;15,108;15,109;15,110;15,111;15,125;15,126;15,128; ...
  15,129;15,130;15,131;15,133;15,134;15,137;15,138;16,3;16,9;16,17;16,20; ...
  16,21;16,22;16,23;16,24;16,25;16,26;16,27;16,33;16,41;16,56;16,57;16,58; ...
  16,59;16,72;16,73;16,74;16,75;16,76;16,77;16,78;16,79;16,80;16,81;16,82; ...
  16,83;16,84;16,85;16,86;16,87;16,88;16,89;16,90;16,91;16,104;16,105;16, ...
  106;16,107;16,120;16,121;16,122;16,123;16,125;16,126;16,128;16,129;16, ...
  130;16,131;16,133;16,134;16,137;16,138;17,3;17,8;17,16;17,20;17,21;17, ...
  22;17,23;17,24;17,25;17,26;17,27;17,32;17,40;17,52;17,53;17,54;17,55;17, ...
  68;17,69;17,70;17,71;17,76;17,77;17,78;17,79;17,80;17,81;17,82;17,83;17, ...
  84;17,85;17,86;17,87;17,88;17,89;17,90;17,91;17,100;17,101;17,102;17, ...
  103;17,116;17,117;17,118;17,119;17,125;17,126;17,128;17,129;17,130;17, ...
  131;17,133;17,134;17,137;17,138;18,3;18,11;18,19;18,20;18,21;18,22;18, ...
  23;18,24;18,25;18,26;18,27;18,35;18,43;18,47;18,51;18,55;18,59;18,61;18, ...
  63;18,65;18,67;18,69;18,71;18,73;18,75;18,76;18,77;18,78;18,79;18,80;18, ...
  81;18,82;18,83;18,84;18,85;18,86;18,87;18,88;18,89;18,90;18,91;18,93;18, ...
  95;18,97;18,99;18,101;18,103;18,105;18,107;18,109;18,111;18,113;18,115; ...
  18,117;18,119;18,121;18,123;18,125;18,126;18,127;18,128;18,129;18,130; ...
  18,131;18,133;18,134;18,135;18,137;18,138;18,139;19,3;19,10;19,18;19,20; ...
  19,21;19,22;19,23;19,24;19,25;19,26;19,27;19,34;19,42;19,46;19,50;19,54; ...
  19,58;19,60;19,62;19,64;19,66;19,68;19,70;19,72;19,74;19,76;19,77;19,78; ...
  19,79;19,80;19,81;19,82;19,83;19,84;19,85;19,86;19,87;19,88;19,89;19,90; ...
  19,91;19,92;19,94;19,96;19,98;19,100;19,102;19,104;19,106;19,108;19,110; ...
  19,112;19,114;19,116;19,118;19,120;19,122;19,124;19,125;19,126;19,128; ...
  19,129;19,130;19,131;19,132;19,133;19,134;19,136;19,137;19,138;20,2;20, ...
  12;20,13;20,14;20,15;20,16;20,17;20,18;20,19;20,60;20,61;20,62;20,63;20, ...
  64;20,65;20,66;20,67;20,68;20,69;20,70;20,71;20,72;20,73;20,74;20,75;20, ...
  124;20,125;20,126;20,127;20,129;20,130;20,133;20,134;20,137;20,138;21,2; ...
  21,12;21,13;21,14;21,15;21,16;21,17;21,18;21,19;21,60;21,61;21,62;21,63; ...
  21,64;21,65;21,66;21,67;21,68;21,69;21,70;21,71;21,72;21,73;21,74;21,75; ...
  21,124;21,125;21,126;21,127;21,129;21,130;21,133;21,134;21,137;21,138; ...
  22,2;22,7;22,12;22,13;22,14;22,15;22,16;22,17;22,18;22,19;22,23;22,31; ...
  22,39;22,48;22,49;22,50;22,51;22,60;22,61;22,62;22,63;22,64;22,65;22,66; ...
  22,67;22,68;22,69;22,70;22,71;22,72;22,73;22,74;22,75;22,80;22,81;22,82; ...
  22,83;22,96;22,97;22,98;22,99;22,112;22,113;22,114;22,115;22,124;22,125; ...
  22,126;22,127;22,129;22,130;22,133;22,134;22,137;22,138;23,2;23,6;23,12; ...
  23,13;23,14;23,15;23,16;23,17;23,18;23,19;23,22;23,30;23,38;23,44;23,45; ...
  23,46;23,47;23,60;23,61;23,62;23,63;23,64;23,65;23,66;23,67;23,68;23,69; ...
  23,70;23,71;23,72;23,73;23,74;23,75;23,76;23,77;23,78;23,79;23,92;23,93; ...
  23,94;23,95;23,108;23,109;23,110;23,111;23,124;23,125;23,126;23,127;23, ...
  129;23,130;23,133;23,134;23,137;23,138;24,2;24,9;24,12;24,13;24,14;24, ...
  15;24,16;24,17;24,18;24,19;24,25;24,33;24,41;24,56;24,57;24,58;24,59;24, ...
  60;24,61;24,62;24,63;24,64;24,65;24,66;24,67;24,68;24,69;24,70;24,71;24, ...
  72;24,73;24,74;24,75;24,88;24,89;24,90;24,91;24,104;24,105;24,106;24, ...
  107;24,120;24,121;24,122;24,123;24,124;24,125;24,126;24,127;24,129;24, ...
  130;24,133;24,134;24,137;24,138;25,2;25,8;25,12;25,13;25,14;25,15;25,16; ...
  25,17;25,18;25,19;25,24;25,32;25,40;25,52;25,53;25,54;25,55;25,60;25,61; ...
  25,62;25,63;25,64;25,65;25,66;25,67;25,68;25,69;25,70;25,71;25,72;25,73; ...
  25,74;25,75;25,84;25,85;25,86;25,87;25,100;25,101;25,102;25,103;25,116; ...
  25,117;25,118;25,119;25,124;25,125;25,126;25,127;25,129;25,130;25,133; ...
  25,134;25,137;25,138;26,2;26,11;26,12;26,13;26,14;26,15;26,16;26,17;26, ...
  18;26,19;26,27;26,35;26,43;26,47;26,51;26,55;26,59;26,60;26,61;26,62;26, ...
  63;26,64;26,65;26,66;26,67;26,68;26,69;26,70;26,71;26,72;26,73;26,74;26, ...
  75;26,77;26,79;26,81;26,83;26,85;26,87;26,89;26,91;26,93;26,95;26,97;26, ...
  99;26,101;26,103;26,105;26,107;26,109;26,111;26,113;26,115;26,117;26, ...
  119;26,121;26,123;26,124;26,125;26,126;26,127;26,129;26,130;26,131;26, ...
  133;26,134;26,135;26,137;26,138;26,139;27,2;27,10;27,12;27,13;27,14;27, ...
  15;27,16;27,17;27,18;27,19;27,26;27,34;27,42;27,46;27,50;27,54;27,58;27, ...
