Gamma=[1,2,3,4,5,6,7,8,15,21,11,12,13,14,9,22,17,18,19,20,10,16,23,24,25,26, ...
  30,33,29,27,34,32,28,31,35,36,36,37,37,38,38,39,39,40,40,41,41,42,42,43, ...
  43,44,44,14,20,26;2,2,15,21,11,12,13,14,15,21,11,12,13,14,45,99,71,72, ...
  73,74,51,75,95,96,97,98,59,61,36,57,62,37,58,60,38,36,36,37,37,38,38,87, ...
  87,88,88,89,89,111,111,112,112,113,113,14,74,98;3,9,3,22,17,18,19,20,69, ...
  93,47,48,49,50,9,22,17,18,19,20,52,76,101,102,103,104,83,85,39,81,86,40, ...
  82,84,41,63,63,64,64,65,65,39,39,40,40,41,41,114,114,115,115,116,116,50, ...
  20,104;4,10,16,4,23,24,25,26,70,94,53,54,55,56,46,100,77,78,79,80,10,16, ...
  23,24,25,26,107,109,42,105,110,43,106,108,44,66,66,67,67,68,68,90,90,91, ...
  91,92,92,42,42,43,43,44,44,56,80,26;5,11,17,23,5,30,33,29,71,95,11,59, ...
  61,36,47,101,17,83,85,39,53,77,23,107,109,42,30,33,29,117,144,131,120, ...
  132,143,36,36,135,135,147,147,39,39,137,137,149,149,42,42,139,139,151, ...
  151,36,39,42;6,12,18,24,27,6,34,32,72,96,57,12,62,37,48,102,81,18,86,40, ...
  54,78,105,24,110,43,129,141,119,27,34,32,121,133,146,123,123,37,37,148, ...
  148,125,125,40,40,150,150,127,127,43,43,152,152,37,40,43;7,13,19,25,28, ...
  31,7,35,73,97,58,60,13,38,49,103,82,84,19,41,55,79,106,108,25,44,130, ...
  142,122,118,145,134,28,31,35,124,124,136,136,38,38,126,126,138,138,41, ...
  41,128,128,140,140,44,44,38,41,44;8,14,20,26,29,32,35,8,74,98,36,37,38, ...
  14,50,104,39,40,41,20,56,80,42,43,44,26,131,143,29,119,146,32,122,134, ...
  35,36,36,37,37,38,38,39,39,40,40,41,41,42,42,43,43,44,44,14,20,26;9,9, ...
  69,93,47,48,49,50,69,93,47,48,49,50,253,263,155,156,157,158,325,335,179, ...
  180,181,182,219,235,63,203,236,64,204,220,65,63,63,64,64,65,65,171,171, ...
  172,172,173,173,195,195,196,196,197,197,50,158,182;10,10,70,94,53,54,55, ...
  56,70,94,53,54,55,56,254,264,161,162,163,164,326,336,185,186,187,188, ...
  223,239,66,207,240,67,208,224,68,66,66,67,67,68,68,174,174,175,175,176, ...
  176,198,198,199,199,200,200,56,164,188;11,11,71,95,11,59,61,36,71,95,11, ...
  59,61,36,201,265,71,167,169,87,205,287,95,191,193,111,59,61,36,209,243, ...
  135,211,227,147,36,36,135,135,147,147,87,87,307,307,319,319,111,111,357, ...
  357,365,365,36,87,111;12,12,72,96,57,12,62,37,72,96,57,12,62,37,217,266, ...
  165,72,170,88,221,299,189,96,194,112,225,241,123,57,62,37,212,228,148, ...
  123,123,37,37,148,148,295,295,88,88,320,320,349,349,112,112,366,366,37, ...
  88,112;13,13,73,97,58,60,13,38,73,97,58,60,13,38,233,267,166,168,73,89, ...
  237,311,190,192,97,113,226,242,124,210,244,136,58,60,38,124,124,136,136, ...
  38,38,296,296,308,308,89,89,350,350,358,358,113,113,38,89,113;14,14,74, ...
  98,36,37,38,14,74,98,36,37,38,14,249,268,87,88,89,74,251,323,111,112, ...
  113,98,135,147,36,123,148,37,124,136,38,36,36,37,37,38,38,87,87,88,88, ...
  89,89,111,111,112,112,113,113,14,74,98;15,45,15,99,71,72,73,74,153,177, ...
  201,217,233,249,45,99,71,72,73,74,327,337,265,266,267,268,167,169,87, ...
  165,170,88,166,168,89,257,257,258,258,259,259,87,87,88,88,89,89,281,281, ...
  282,282,283,283,249,74,268;16,46,16,100,77,78,79,80,154,178,202,218,234, ...
  250,46,100,77,78,79,80,328,338,271,272,273,274,301,313,90,289,314,91, ...
  290,302,92,260,260,261,261,262,262,90,90,91,91,92,92,284,284,285,285, ...
  286,286,250,80,274;17,47,17,101,17,83,85,39,155,179,47,219,235,63,47, ...
  101,17,83,85,39,206,288,101,277,279,114,83,85,39,291,317,137,293,305, ...
  149,63,63,229,229,245,245,39,39,137,137,149,149,114,114,359,359,367,367, ...
  63,39,114;18,48,18,102,81,18,86,40,156,180,203,48,236,64,48,102,81,18, ...
  86,40,222,300,275,102,280,115,303,315,125,81,86,40,294,306,150,213,213, ...
  64,64,246,246,125,125,40,40,150,150,351,351,115,115,368,368,64,40,115; ...
  19,49,19,103,82,84,19,41,157,181,204,220,49,65,49,103,82,84,19,41,238, ...
  312,276,278,103,116,304,316,126,292,318,138,82,84,41,214,214,230,230,65, ...
  65,126,126,138,138,41,41,352,352,360,360,116,116,65,41,116;20,50,20,104, ...
  39,40,41,20,158,182,63,64,65,50,50,104,39,40,41,20,252,324,114,115,116, ...
  104,137,149,39,125,150,40,126,138,41,63,63,64,64,65,65,39,39,40,40,41, ...
  41,114,114,115,115,116,116,50,20,104;21,51,75,21,95,96,97,98,159,183, ...
  205,221,237,251,255,269,287,299,311,323,51,75,95,96,97,98,191,193,111, ...
  189,194,112,190,192,113,329,329,330,330,331,331,339,339,340,340,341,341, ...
  111,111,112,112,113,113,251,323,98;22,52,76,22,101,102,103,104,160,184, ...
  206,222,238,252,256,270,288,300,312,324,52,76,101,102,103,104,277,279, ...
  114,275,280,115,276,278,116,332,332,333,333,334,334,342,342,343,343,344, ...
  344,114,114,115,115,116,116,252,324,104;23,53,77,23,23,107,109,42,161, ...
  185,53,223,239,66,202,271,77,301,313,90,53,77,23,107,109,42,107,109,42, ...
  345,363,139,347,355,151,66,66,231,231,247,247,90,90,309,309,321,321,42, ...
  42,139,139,151,151,66,90,42;24,54,78,24,105,24,110,43,162,186,207,54, ...
  240,67,218,272,289,78,314,91,54,78,105,24,110,43,353,361,127,105,110,43, ...
  348,356,152,215,215,67,67,248,248,297,297,91,91,322,322,127,127,43,43, ...
  152,152,67,91,43;25,55,79,25,106,108,25,44,163,187,208,224,55,68,234, ...
  273,290,302,79,92,55,79,106,108,25,44,354,362,128,346,364,140,106,108, ...
  44,216,216,232,232,68,68,298,298,310,310,92,92,128,128,140,140,44,44,68, ...
  92,44;26,56,80,26,42,43,44,26,164,188,66,67,68,56,250,274,90,91,92,80, ...
  56,80,42,43,44,26,139,151,42,127,152,43,128,140,44,66,66,67,67,68,68,90, ...
  90,91,91,92,92,42,42,43,43,44,44,56,80,26;27,57,81,105,27,129,141,119, ...
  165,189,57,225,241,123,203,275,81,303,315,125,207,289,105,353,361,127, ...
  129,141,119,397,407,371,421,431,383,123,123,375,375,387,387,125,125,377, ...
  377,389,389,127,127,379,379,391,391,123,125,127;28,58,82,106,28,130,142, ...
  122,166,190,58,226,242,124,204,276,82,304,316,126,208,290,106,354,362, ...
  128,130,142,122,398,408,374,422,432,386,124,124,376,376,388,388,126,126, ...
  378,378,390,390,128,128,380,380,392,392,124,126,128;29,36,39,42,29,131, ...
  143,29,87,111,36,135,147,36,63,114,39,137,149,39,66,90,42,139,151,42, ...
  131,143,29,393,409,131,395,419,143,36,36,135,135,147,147,39,39,137,137, ...
  149,149,42,42,139,139,151,151,36,39,42;30,59,83,107,117,30,144,131,167, ...
  191,209,59,243,135,219,277,291,83,317,137,223,301,345,107,363,139,369, ...
  381,393,117,144,131,423,433,409,401,401,135,135,413,413,403,403,137,137, ...
  415,415,405,405,139,139,417,417,135,137,139;31,60,84,108,118,31,145,134, ...
  168,192,210,60,244,136,220,278,292,84,318,138,224,302,346,108,364,140, ...
  370,382,394,118,145,134,424,434,412,402,402,136,136,414,414,404,404,138, ...
  138,416,416,406,406,140,140,418,418,136,138,140;32,37,40,43,119,32,146, ...
  32,88,112,123,37,148,37,64,115,125,40,150,40,67,91,127,43,152,43,371, ...
  383,119,119,146,32,396,420,146,123,123,37,37,148,148,125,125,40,40,150, ...
  150,127,127,43,43,152,152,37,40,43;33,61,85,109,120,132,33,143,169,193, ...
  211,227,61,147,235,279,293,305,85,149,239,313,347,355,109,151,372,384, ...
  395,399,410,419,120,132,143,425,425,435,435,147,147,427,427,437,437,149, ...
  149,429,429,439,439,151,151,147,149,151;34,62,86,110,121,133,34,146,170, ...
  194,212,228,62,148,236,280,294,306,86,150,240,314,348,356,110,152,373, ...
  385,396,400,411,420,121,133,146,426,426,436,436,148,148,428,428,438,438, ...
  150,150,430,430,440,440,152,152,148,150,152;35,38,41,44,122,134,35,35, ...
  89,113,124,136,38,38,65,116,126,138,41,41,68,92,128,140,44,44,374,386, ...
  122,394,412,134,122,134,35,124,124,136,136,38,38,126,126,138,138,41,41, ...
  128,128,140,140,44,44,38,41,44;36,36,87,111,36,135,147,36,87,111,36,135, ...
  147,36,257,281,87,307,319,87,329,339,111,357,365,111,135,147,36,401,413, ...
  135,425,435,147,36,36,135,135,147,147,87,87,307,307,319,319,111,111,357, ...
  357,365,365,36,87,111;36,36,87,111,36,135,147,36,87,111,36,135,147,36, ...
  257,281,87,307,319,87,329,339,111,357,365,111,135,147,36,401,413,135, ...
