ObjPositive=[1,18;1,27;1,18;1,19;1,26;1,27];
