Pjoint=[1,14;1,15;1,22;1,23;1,16;1,17;1,24;1,25;1,30;1,31;1,38;1,39;1,32;1,33; ...
  1,40;1,41];
