Pjoint=[1,20;1,21;1,32;1,33;1,22;1,23;1,34;1,35;1,24;1,25;1,36;1,37;1,44;1,45; ...
  1,56;1,57;1,46;1,47;1,58;1,59;1,48;1,49;1,60;1,61;1,68;1,69;1,80;1,81;1, ...
  70;1,71;1,82;1,83;1,72;1,73;1,84;1,85];
