ObjNegative=[1,2;1,14;1,3;1,15];
