ObjPositive=[1,26;1,39;1,26;1,27;1,38;1,39];
